accepted options:
   [-t {Topology            : String   }] -> BUTTERFLY
      by Size            : Line, Ring, Star, Fully_Connected
      by Degree, Depths  : Tree
      by Dimension, Size : Mesh, Torus
      by Dimension       : Hypercube, Cube_Connected_Cycles,
                           Butterfly, Wrap_Around_Butterfly
   [-s {Size                : Positive }] ->  20
   [-g {Degree              : Positive }] ->   3
   [-p {Depths              : Positive }] ->   4
   [-d {Dimension           : Positive }] ->   3
   [-c {Print connections   : Boolean  }] -> TRUE
   [-i {Print distances     : Boolean  }] -> TRUE
   [-w {Routers settle time : Seconds  }] ->  0.50
   [-o {Comms timeout       : Seconds  }] ->  0.10
   [-m {Test mode           : String   }] -> ONE_TO_ALL
      Available modes: One_to_All, All_to_One
   [-x {Dropouts            : Natural  }] ->   0
   [-r {Repeats             : Positive }] ->   1
   [-h {Show help           : Flag     }] -> FALSE


----------------------- Instantiating router tasks -----------------------------
  => Routers up and running
-------------------------------- Waiting ---------------------------------------
  Time for routers to establish their strategies :  0.50 second(s)
------------------------------ Measurements ------------------------------------
Number of runs :   1
Minimal hops   :   1
Maximal hops   :   6
Average hops   :   3.45

       1  2  3  4  5  6  7  8  9 10 11 12 13 14 15 16 17 18 19 20 21 22 23 24 25 26 27 28 29 30 31 32
    +------------------------------------------------------------------------------------------------+
  1 |  .     2  3  2     2  3  4  3  2  3  4  3  2  3  6  5  4  3  6  5  4  3  6  5  4  3  6  5  4  3|
  2 |     .     2     2  3  4  3  2     2  3  4  3  4  5  4  3  2  5  6  5  4  5  4  3  2  5  6  5  4|
  3 |  2     .     2  3  4  5  2     2  3  2  3  4  5  4  3  2     4  5  6  5  4  3  4  3  4  5  6  5|
  4 |  3  2     .  3  4  5  6  3  2  3  4  3  4  5  6  3  2     2  3  4  5  6  3  2  3  4  3  4  5  6|
  5 |  2     2  3  .     2  3  4  3  2  3  4  3  2  3  6  5  4  3  6  5  4  3  6  5  4  3  6  5  4  3|
  6 |     2  3  4     .     2  3  4  3  4  3  2     2  5  6  5  4  5  4  3  2  5  6  5  4  5  4  3  2|
  7 |  2  3  4  5  2     .     2  3  4  5  2     2  3  4  5  6  5  4  3  2     4  5  6  5  4  3  4  3|
  8 |  3  4  5  6  3  2     .  3  4  5  6  3  2  3  4  3  4  5  6  3  2     2  3  4  5  6  3  2  3  4|
  9 |  4  3  2  3  4  3  2  3  .     2  3  2     2  3  6  5  4  3  6  5  4  3  6  5  4  3  6  5  4  3|
 10 |  3  2     2  3  4  3  4     .     2     2  3  4  5  4  3  2  5  6  5  4  5  4  3  2  5  6  5  4|
 11 |  2     2  3  2  3  4  5  2     .     2  3  4  5  4  3  4  3  4  5  6  5  4  3  2     4  5  6  5|
 12 |  3  2  3  4  3  4  5  6  3  2     .  3  4  5  6  3  2  3  4  3  4  5  6  3  2     2  3  4  5  6|
 13 |  4  3  2  3  4  3  2  3  2     2  3  .     2  3  6  5  4  3  6  5  4  3  6  5  4  3  6  5  4  3|
 14 |  3  4  3  4  3  2     2     2  3  4     .     2  5  6  5  4  5  4  3  2  5  6  5  4  5  4  3  2|
 15 |  2  3  4  5  2     2  3  2  3  4  5  2     .     4  5  6  5  4  3  4  3  4  5  6  5  4  3  2   |
 16 |  3  4  5  6  3  2  3  4  3  4  5  6  3  2     .  3  4  5  6  3  2  3  4  3  4  5  6  3  2     2|
 17 |  6  5  4  3  6  5  4  3  6  5  4  3  6  5  4  3  .     2  3  2     2  3  4  3  2  3  4  3  2  3|
 18 |  5  4  3  2  5  6  5  4  5  4  3  2  5  6  5  4     .     2     2  3  4  3  2     2  3  4  3  4|
 19 |  4  3  2     4  5  6  5  4  3  4  3  4  5  6  5  2     .     2  3  4  5  2     2  3  2  3  4  5|
 20 |  3  2     2  3  4  5  6  3  2  3  4  3  4  5  6  3  2     .  3  4  5  6  3  2  3  4  3  4  5  6|
 21 |  6  5  4  3  6  5  4  3  6  5  4  3  6  5  4  3  2     2  3  .     2  3  4  3  2  3  4  3  2  3|
 22 |  5  6  5  4  5  4  3  2  5  6  5  4  5  4  3  2     2  3  4     .     2  3  4  3  4  3  2     2|
 23 |  4  5  6  5  4  3  2     4  5  6  5  4  3  4  3  2  3  4  5  2     .     2  3  4  5  2     2  3|
 24 |  3  4  5  6  3  2     2  3  4  5  6  3  2  3  4  3  4  5  6  3  2     .  3  4  5  6  3  2  3  4|
 25 |  6  5  4  3  6  5  4  3  6  5  4  3  6  5  4  3  4  3  2  3  4  3  2  3  .     2  3  2     2  3|
 26 |  5  4  3  2  5  6  5  4  5  4  3  2  5  6  5  4  3  2     2  3  4  3  4     .     2     2  3  4|
 27 |  4  3  4  3  4  5  6  5  4  3  2     4  5  6  5  2     2  3  2  3  4  5  2     .     2  3  4  5|
 28 |  3  2  3  4  3  4  5  6  3  2     2  3  4  5  6  3  2  3  4  3  4  5  6  3  2     .  3  4  5  6|
 29 |  6  5  4  3  6  5  4  3  6  5  4  3  6  5  4  3  4  3  2  3  4  3  2  3  2     2  3  .     2  3|
 30 |  5  6  5  4  5  4  3  2  5  6  5  4  5  4  3  2  3  4  3  4  3  2     2     2  3  4     .     2|
 31 |  4  5  6  5  4  3  4  3  4  5  6  5  4  3  2     2  3  4  5  2     2  3  2  3  4  5  2     .   |
 32 |  3  4  5  6  3  2  3  4  3  4  5  6  3  2     2  3  4  5  6  3  2  3  4  3  4  5  6  3  2     .|
    +------------------------------------------------------------------------------------------------+

--------------- Information about the selected network topology ----------------
  Topology                    : BUTTERFLY
  Dimension                   :    3
  Number of nodes in topology :   32
  Minimal connection degree   :    2
  Maximal connection degree   :    4

      1  2  3  4  5  6  7  8  9 10 11 12 13 14 15 16 17 18 19 20 21 22 23 24 25 26 27 28 29 30 31 32
    +------------------------------------------------------------------------------------------------+
  1 | . <->         <->                                                                              |
  2 |<-> . <->   <->               <->                                                               |
  3 |   <-> . <->               <->                           <->                                    |
  4 |      <-> .                                           <->                                       |
  5 |   <->       . <->                                                                              |
  6 |<->         <-> . <->                     <->                                                   |
  7 |               <-> . <->               <->                           <->                        |
  8 |                  <-> .                                           <->                           |
  9 |                         . <->         <->                                                      |
 10 |      <->               <-> . <->   <->                                                         |
 11 |   <->                     <-> . <->                                             <->            |
 12 |                              <-> .                                           <->               |
 13 |                           <->       . <->                                                      |
 14 |                  <->   <->         <-> . <->                                                   |
 15 |               <->                     <-> . <->                                             <->|
 16 |                                          <-> .                                           <->   |
 17 |                                                 . <->         <->                              |
 18 |                                                <-> . <->   <->               <->               |
 19 |         <->                                       <-> . <->               <->                  |
 20 |      <->                                             <-> .                                     |
 21 |                                                   <->       . <->                              |
 22 |                                                <->         <-> . <->                     <->   |
 23 |                     <->                                       <-> . <->               <->      |
 24 |                  <->                                             <-> .                         |
 25 |                                                                         . <->         <->      |
 26 |                                                      <->               <-> . <->   <->         |
 27 |                                 <->               <->                     <-> . <->            |
 28 |                              <->                                             <-> .             |
 29 |                                                                           <->       . <->      |
 30 |                                                                  <->   <->         <-> . <->   |
 31 |                                             <->               <->                     <-> . <->|
 32 |                                          <->                                             <-> . |
    +------------------------------------------------------------------------------------------------+